"Rizs"; 100; 345.0; 0.9; 76.5; 7.0; "23/02/2024"
"Rizs"; 100; 345.0; 0.9; 76.5; 7.0; "23/02/2024"
"Rizs"; 100; 345.0; 0.9; 76.5; 7.0; "23/02/2024"
"Rizsísfesígíg"; 100; 345.0; 0.9; 76.5; 7.0; "23/02/2024"
"Rizs"; 100; 345.0; 0.9; 76.5; 7.0; "23/02/2024"
"Rizs"; 100; 345.0; 0.9; 76.5; 7.0; "23/02/2024"
"Rizs"; 100; 345.0; 0.9; 76.5; 7.0; "23/02/2024"
"Rizsasdsf"; 100; 345.0; 0.9; 76.5; 7.0; "23/02/2024"
"Rizs"; 100; 345.0; 0.9; 76.5; 7.0; "23/02/2024"
"Rizs"; 100; 345.0; 0.9; 76.5; 7.0; "23/02/2024"
"Rizs"; 100; 345.0; 0.9; 76.5; 7.0; "23/02/2024"
"Rizs"; 100; 345.0; 0.9; 76.5; 7.0; "23/02/2024"
"Rizsíssígsgígs"; 100; 345.0; 0.9; 76.5; 7.0; "23/02/2024"
"Rizs"; 100; 345.0; 0.9; 76.5; 7.0; "23/02/2024"
"Rizs"; 100; 345.0; 0.9; 76.5; 7.0; "23/02/2024"
"Rizs"; 100; 345.0; 0.9; 76.5; 7.0; "23/02/2024"